data/asc/elevationdata.asc
ncols 86
nrows 86
xllcorner 31.34015325
yllcorner 46.450048502962
cellsize 0.008254296733
NODATA_value -9999
[rows 0 to 49 of 86, columns 0 to 85 of 86]
-9999 -9999 -9999 -9999 -9999 -9999 -9999 -9999 -9999 -9999 -9999 -9999 -9999 -9999 -9999 -9999 -9999 -9999 -9999 -9999 -9999 -9999 -9999 -9999 -9999 -9999 -9999 -9999 -9999 -9999 -9999 -9999 -9999 -9999 -9999 -9999 -9999 -9999 -9999 -9999 -9999 -9999 -9999 -9999 -9999 -9999 -9999 -9999 -9999 -9999 -9999 -9999 -9999 -9999 -9999 -9999 -9999 -9999 -9999 -9999 -9999 -9999 -9999 -9999 -9999 -9999 -9999 -9999 -9999 -9999 -9999 -9999 -9999 -9999 -9999 -9999 -9999 -9999 -9999 -9999 -9999 -9999 55 56 56 39
87 93 95 94 93 94 94 95 94 94 82 58 55 78 78 76 83 87 89 77 60 59 77 85 87 89 90 90 90 89 89 86 80 81 82 81 80 82 80 68 64 70 65 56 64 73 60 73 78 80 69 62 58 65 64 48 34 29 10 7 8 38 59 63 64 69 75 80 79 78 76 75 65 61 66 71 75 75 76 76 76 71 57 37 37 48
88 94 93 92 92 93 93 92 92 93 90 69 45 66 68 69 77 81 87 80 56 66 79 78 86 89 90 90 89 89 89 87 84 81 81 76 73 71 74 71 67 58 59 60 48 64 52 61 73 73 74 70 59 51 51 46 46 32 7 5 7 28 49 58 57 64 74 79 79 78 75 70 66 60 69 74 75 74 74 73 69 70 61 37 37 48
91 92 91 89 91 92 91 90 91 92 90 85 61 46 45 58 65 77 85 74 50 57 67 82 87 86 88 89 89 88 88 88 88 87 87 87 85 81 73 71 64 61 53 52 50 43 47 46 52 61 60 70 68 67 63 58 63 44 6 5 6 13 32 38 51 63 72 77 75 77 75 69 61 58 68 71 72 72 73 71 66 62 53 28 28 41
88 91 89 88 91 92 92 89 88 89 91 87 80 69 61 40 45 66 79 73 43 58 75 83 81 86 88 87 87 87 87 87 86 85 84 83 83 82 82 80 73 68 73 74 68 62 45 53 47 35 35 52 68 66 62 52 47 45 15 5 6 7 10 20 31 50 67 74 71 75 75 75 64 55 65 68 68 71 72 71 63 53 45 23 23 40
87 88 86 86 91 90 90 91 87 83 87 86 87 83 73 61 44 44 71 62 41 70 76 72 81 87 87 86 85 85 86 86 85 83 83 83 80 79 78 79 78 78 78 78 77 76 70 68 69 57 35 38 57 53 61 65 61 54 47 32 19 9 7 7 7 12 31 56 58 71 72 73 69 52 55 63 65 70 70 70 66 47 38 26 26 46
83 80 82 89 91 89 89 90 89 83 79 81 83 85 85 71 40 45 65 56 42 58 63 80 86 86 85 85 83 84 84 84 84 84 82 80 80 76 74 74 75 74 76 75 76 75 73 72 68 55 30 21 23 17 42 53 56 65 67 64 65 59 52 29 14 6 7 17 39 61 69 69 69 61 48 60 63 68 69 68 63 54 32 29 29 49
75 85 90 91 90 89 88 88 88 89 86 76 74 78 81 79 51 35 58 54 44 66 79 85 82 84 84 84 84 82 82 82 82 82 82 82 80 79 79 75 69 70 75 73 72 73 68 60 60 55 39 32 41 35 29 19 34 59 66 65 60 51 47 48 35 14 6 5 25 54 68 65 65 64 47 55 59 66 67 67 57 47 21 39 39 52
82 90 90 89 89 88 88 86 86 87 86 84 76 67 73 80 71 35 46 46 40 65 78 80 76 82 84 84 83 81 80 81 80 81 81 81 81 80 79 76 72 67 67 70 68 70 64 51 43 43 42 60 69 64 51 25 30 50 59 62 58 57 55 58 41 21 8 6 12 47 69 67 61 65 48 42 53 64 62 67 58 42 22 35 35 53
82 89 88 88 88 87 85 86 82 83 85 84 84 74 63 67 66 53 29 28 47 63 74 72 75 83 83 83 83 82 79 79 78 80 80 80 79 78 77 77 76 74 69 62 63 65 64 49 61 64 68 71 67 64 63 46 20 24 42 52 52 53 50 53 44 17 7 6 17 57 65 66 59 60 61 41 48 61 58 65 59 35 19 41 41 58
81 87 88 86 87 87 87 83 81 76 82 81 81 82 72 62 53 48 35 23 33 54 66 62 74 82 82 82 81 81 81 76 78 79 79 79 78 76 74 72 71 70 70 66 56 55 54 53 67 74 74 70 62 55 60 58 44 16 16 25 27 24 19 41 31 8 5 8 37 58 62 62 60 52 59 42 46 55 58 65 63 41 20 48 48 51
85 88 85 84 87 86 87 86 83 77 71 77 74 76 78 80 78 69 44 27 29 46 54 67 77 80 79 82 81 79 78 76 75 78 79 79 78 77 76 74 71 68 64 62 64 65 67 72 74 72 73 73 67 58 48 46 38 45 42 20 19 16 7 15 7 8 22 44 49 57 61 60 61 48 51 42 40 46 59 61 59 47 19 34 34 37
86 85 82 84 86 85 85 85 86 85 77 66 64 65 68 72 71 73 65 30 34 54 66 71 76 75 78 80 79 79 77 72 76 78 77 78 77 76 75 73 72 69 70 72 73 73 74 74 72 70 71 72 73 69 58 52 60 58 61 57 49 21 8 5 8 26 50 56 54 57 59 56 57 56 43 35 32 42 51 52 49 52 31 18 18 42
85 81 80 84 85 84 85 85 85 85 83 81 75 66 56 54 55 62 68 43 30 52 60 70 72 71 75 78 77 78 77 72 73 76 76 76 77 76 75 74 73 72 72 73 73 72 72 72 68 68 69 70 72 70 66 66 63 63 62 57 42 9 6 5 19 30 39 48 46 48 53 47 50 58 60 45 32 26 30 24 35 49 40 19 19 43
81 77 78 82 84 82 83 84 84 84 83 80 77 78 78 71 57 44 57 50 26 52 63 71 64 70 76 76 76 76 75 76 68 72 76 76 75 75 74 73 72 71 70 71 71 69 71 70 67 63 67 69 71 72 69 65 61 56 63 49 23 6 5 10 27 30 39 45 43 34 43 41 51 51 52 61 59 46 26 23 20 32 36 15 15 33
77 73 79 83 83 80 83 83 83 83 81 81 79 72 73 76 75 55 38 33 27 49 64 60 59 72 73 75 74 74 73 71 67 75 76 75 75 74 73 72 70 70 69 67 68 68 69 69 67 61 65 68 69 68 66 64 60 47 53 52 19 6 6 11 25 28 35 42 41 27 34 46 37 30 37 48 48 58 54 50 26 13 18 30 30 45
70 74 81 83 81 78 81 82 82 82 81 77 75 73 66 71 74 76 62 39 23 41 48 49 62 68 73 72 74 73 71 65 71 75 75 74 73 73 72 72 71 70 68 66 64 62 66 65 65 59 66 67 68 68 65 62 61 61 47 39 31 6 6 8 19 25 29 38 40 25 30 24 11 8 7 13 20 43 58 47 28 13 35 51 51 58
70 81 82 82 78 75 80 82 82 81 81 81 77 71 62 61 71 73 71 51 20 26 42 49 61 72 71 68 73 73 68 64 72 74 73 73 72 72 71 71 71 71 70 69 68 64 59 57 59 57 61 65 67 68 65 61 58 61 58 44 30 9 7 7 8 12 15 20 22 20 9 8 6 7 7 7 7 24 54 38 15 9 32 48 48 49
81 79 79 80 74 75 79 82 82 80 81 80 77 77 74 57 56 63 65 64 26 24 44 56 66 72 67 67 71 74 65 61 71 72 71 71 71 70 70 70 70 69 68 67 67 65 66 64 58 50 56 61 62 65 64 61 54 58 61 60 52 31 8 6 7 7 8 8 8 8 7 7 12 9 8 7 8 14 44 20 10 10 8 28 28 23
79 75 77 78 70 76 81 81 80 79 80 79 78 74 75 74 61 49 45 48 38 20 41 57 66 69 63 63 71 73 64 61 69 69 70 70 69 69 69 69 70 69 69 67 65 62 60 58 55 52 46 49 56 62 62 61 56 50 54 60 62 54 39 11 6 5 6 7 7 12 27 40 24 13 9 6 6 8 19 21 8 23 13 16 16 10
78 72 74 73 69 77 78 79 79 79 79 79 78 76 71 68 72 71 62 48 33 16 35 50 62 64 54 65 72 72 62 56 64 66 69 69 68 68 69 70 69 69 69 68 68 67 65 66 65 64 64 53 43 53 56 56 58 55 47 59 61 62 61 55 40 31 31 37 47 49 42 40 22 9 6 8 11 6 16 18 9 23 30 9 9 8
75 70 72 68 69 71 76 78 78 78 78 77 76 77 76 70 62 66 70 70 59 30 23 46 59 49 54 69 67 70 71 57 56 61 68 70 68 66 68 69 68 69 68 68 67 67 67 66 64 63 65 64 53 41 39 40 48 52 41 52 58 59 60 58 61 64 63 62 56 48 33 13 6 6 13 41 45 20 14 13 17 35 35 10 10 6
71 64 73 64 65 73 77 76 77 78 78 77 76 73 75 76 69 55 60 64 60 41 18 43 42 52 63 61 64 71 70 66 50 57 66 69 69 67 66 67 67 68 67 68 67 67 67 67 65 61 63 64 62 52 51 43 38 35 32 44 57 51 55 52 56 60 60 60 49 33 9 5 5 11 34 53 51 35 26 30 40 51 47 22 22 8
60 64 72 58 65 75 75 72 75 77 77 77 76 72 71 73 74 68 51 46 42 34 16 27 39 53 50 54 66 71 68 66 52 56 67 68 67 65 64 66 66 67 67 67 67 66 66 65 64 61 61 61 63 61 57 57 56 48 32 37 41 43 39 41 55 58 60 58 33 7 7 5 12 22 25 30 40 38 24 24 35 51 54 52 52 38
58 71 65 54 68 73 69 73 77 76 75 76 75 73 68 70 72 72 72 65 53 44 14 13 23 35 45 58 68 70 68 60 47 58 62 66 67 66 62 63 67 66 66 67 67 65 64 64 61 60 57 56 60 58 54 50 44 39 37 26 27 27 21 41 47 45 51 44 12 6 4 10 13 14 14 15 20 24 22 28 37 42 45 54 54 60
60 71 58 50 68 69 67 73 74 72 74 74 73 71 69 65 70 69 70 70 67 65 52 30 11 36 52 60 65 67 66 65 46 51 59 65 66 65 61 63 66 65 65 66 65 64 64 64 64 64 64 60 53 51 54 48 45 55 54 51 54 50 31 22 22 20 12 14 7 5 3 11 10 12 11 14 13 15 8 13 11 26 46 60 60 66
57 66 53 51 68 63 67 72 70 69 73 72 72 70 66 62 67 66 69 68 64 56 56 34 10 32 48 58 64 64 63 60 43 50 62 63 64 64 59 62 64 63 64 64 64 64 63 62 63 63 64 64 63 62 62 61 60 60 59 58 58 58 56 46 45 37 29 36 10 8 6 7 7 10 8 10 5 26 9 16 2 13 39 59 59 64
46 55 44 51 65 59 66 71 66 67 70 69 69 68 68 60 62 66 67 67 63 58 41 19 14 37 54 57 61 60 62 60 40 49 60 61 63 63 59 58 62 61 61 62 62 63 61 62 62 63 63 63 63 62 61 60 59 59 59 57 57 58 57 57 57 53 55 58 46 18 7 1 8 6 9 12 24 20 24 8 4 4 37 56 56 62
33 29 33 54 64 54 63 68 62 65 68 67 68 65 67 61 58 65 65 67 64 57 52 20 17 39 45 55 60 55 59 61 39 49 51 57 62 62 56 60 62 60 59 61 62 61 60 62 62 62 62 62 62 61 60 59 58 57 57 57 57 58 58 56 56 56 56 56 56 56 51 44 44 38 41 45 44 23 9 6 5 5 27 43 43 55
57 32 29 46 55 51 59 65 59 63 68 67 64 63 64 64 56 61 61 64 65 56 48 24 15 32 47 58 55 52 59 61 40 37 40 56 62 60 55 56 61 58 58 60 61 58 61 61 62 61 61 62 61 60 59 57 57 57 57 58 58 57 57 56 54 53 54 56 55 55 54 53 54 55 56 56 52 28 11 8 6 8 43 57 57 58
63 45 25 23 47 46 56 61 54 63 67 67 65 60 59 64 54 57 61 64 64 62 45 27 10 30 49 53 46 54 59 60 53 35 45 60 61 60 58 51 59 55 56 59 60 57 61 61 60 60 59 59 59 58 58 58 56 54 57 57 57 57 58 56 55 54 49 53 52 53 53 50 52 54 54 54 51 28 7 6 6 21 44 54 54 51
68 65 50 19 37 39 56 52 55 65 65 65 66 64 56 58 52 56 61 62 62 62 59 39 12 26 44 44 45 51 57 54 41 33 50 60 61 59 60 52 52 51 54 58 58 56 59 59 60 59 58 58 58 57 57 58 57 53 56 57 56 57 57 55 52 54 53 47 44 50 49 45 49 53 53 52 50 25 6 6 7 26 45 48 48 46
62 63 51 20 28 34 49 47 60 67 64 61 63 65 61 51 51 54 57 60 58 60 63 51 19 12 25 32 37 48 57 46 29 41 53 59 60 58 59 59 46 47 56 57 53 53 57 58 59 58 57 57 56 57 57 58 57 54 52 56 54 56 57 56 52 50 47 49 40 44 39 38 48 52 48 50 40 9 5 5 10 40 52 48 48 34
62 63 51 20 28 34 49 47 60 67 64 61 63 65 61 51 51 54 57 60 58 60 63 51 19 12 25 32 37 48 57 46 29 41 53 59 60 58 59 59 46 47 56 57 53 53 57 58 59 58 57 57 56 57 57 58 57 54 52 56 54 56 57 56 52 50 47 49 40 44 39 38 48 52 48 50 40 9 5 5 10 40 52 48 48 34
58 63 61 37 14 34 39 52 60 64 63 57 59 63 63 56 45 49 58 57 56 60 61 58 49 31 12 15 35 44 52 36 28 38 51 58 60 57 56 58 54 43 53 52 47 55 57 57 57 57 56 56 56 56 57 57 56 52 48 53 51 55 55 56 55 52 49 41 41 32 30 39 42 48 41 41 14 5 4 4 7 23 30 30 30 27
52 59 57 47 14 21 39 51 59 62 59 53 58 62 62 58 48 47 55 52 55 58 59 60 55 45 37 12 15 33 43 31 32 49 57 59 59 58 53 54 55 43 43 43 53 57 56 56 56 56 56 56 55 56 57 58 57 55 48 43 43 50 50 52 54 53 52 42 34 34 27 21 19 30 37 -9999 -9999 4 6 9 25 35 39 42 42 47
41 43 48 35 12 21 41 55 56 59 56 49 54 59 61 59 46 42 52 48 55 57 57 60 60 57 53 39 12 13 31 24 43 53 57 56 57 58 56 49 47 49 37 47 55 56 55 55 56 56 55 55 55 55 56 57 57 55 55 55 44 38 34 40 48 50 50 48 48 48 46 39 24 12 -9999 -9999 -9999 -9999 10 23 38 47 56 60 60 57
48 45 31 23 12 22 41 53 50 57 54 44 51 57 59 59 52 39 47 46 51 50 54 58 59 54 48 41 18 8 23 27 44 52 54 53 57 57 54 53 49 39 36 50 55 55 54 55 55 55 55 55 55 55 56 57 56 57 56 56 56 55 48 33 28 31 38 44 36 37 38 37 -9999 -9999 -9999 -9999 -9999 11 17 29 41 46 54 57 57 57
61 61 53 47 25 13 27 40 47 52 49 40 49 55 58 54 54 38 35 35 42 51 56 56 57 57 49 39 17 -9999 16 32 42 45 48 55 55 56 53 47 49 36 39 53 54 54 54 54 54 54 54 54 54 55 56 56 55 56 56 55 52 52 53 54 47 29 19 32 27 19 -9999 -9999 -9999 -9999 -9999 5 6 16 29 34 42 50 57 57 57 56
62 61 56 45 38 35 14 24 44 45 40 38 49 55 54 51 53 53 45 29 43 49 53 53 54 53 55 48 24 6 -9999 33 36 44 54 53 54 53 51 38 33 31 50 54 52 53 53 53 52 53 53 52 53 55 55 56 55 55 55 55 52 44 48 52 51 48 33 21 -9999 -9999 -9999 -9999 -9999 8 8 11 21 35 39 42 48 54 57 56 56 56
61 57 53 47 53 52 28 12 24 31 25 40 47 51 50 47 48 52 50 31 37 45 49 49 49 46 50 48 37 10 -9999 23 33 45 50 51 52 50 42 28 32 47 52 52 51 52 53 52 51 51 51 52 52 55 54 54 55 55 55 54 52 40 38 43 48 42 39 18 -9999 -9999 -9999 -9999 -9999 9 12 21 34 45 44 46 51 54 57 56 56 55
62 61 56 55 59 54 47 34 14 11 21 33 43 49 46 42 45 49 49 31 31 47 46 42 45 38 44 44 35 10 -9999 -9999 27 40 44 47 48 45 37 24 39 48 50 49 49 52 53 53 51 51 51 52 52 54 54 54 54 54 53 54 54 46 34 27 30 41 13 -9999 -9999 -9999 -9999 -9999 -9999 -9999 17 26 37 44 44 47 51 55 57 56 56 56
60 61 61 60 57 51 43 37 23 7 21 34 44 47 42 37 44 46 46 27 28 46 45 34 36 30 39 39 32 19 -9999 -9999 29 39 35 41 45 39 32 24 39 41 41 42 47 52 53 54 52 52 52 52 54 54 54 54 54 54 53 53 54 55 53 38 18 -9999 -9999 -9999 -9999 -9999 -9999 -9999 -9999 -9999 15 23 34 38 42 48 52 55 57 56 56 55
58 61 60 59 55 51 46 39 35 -9999 -9999 28 39 46 43 35 38 43 44 24 26 43 44 38 28 22 34 30 -9999 -9999 -9999 17 19 22 22 27 27 24 21 23 29 37 45 49 51 53 54 54 54 53 53 53 54 53 53 54 54 53 52 53 53 54 53 49 21 -9999 -9999 -9999 -9999 -9999 -9999 -9999 -9999 14 23 29 36 40 44 49 51 54 57 55 55 55
57 59 58 59 59 54 52 50 41 28 8 16 30 43 42 32 32 40 40 21 27 40 38 31 29 17 22 -9999 -9999 -9999 12 21 23 30 27 28 27 30 36 42 47 51 52 53 53 53 54 54 53 53 52 53 53 53 53 53 53 52 52 53 53 52 53 49 -9999 -9999 -9999 -9999 -9999 -9999 -9999 -9999 10 20 34 36 37 42 46 48 52 56 57 55 55 53
54 57 56 55 58 56 51 46 40 30 8 -9999 32 40 39 33 27 34 41 22 24 34 26 23 -9999 -9999 -9999 -9999 8 24 39 44 50 52 52 51 51 49 51 53 53 53 53 53 53 53 53 53 53 51 50 51 51 52 53 52 52 52 52 52 52 52 51 41 -9999 -9999 -9999 -9999 -9999 -9999 -9999 8 15 23 35 38 39 43 45 48 53 56 56 54 54 53
52 56 54 53 54 56 55 53 48 38 18 -9999 28 34 38 34 20 29 41 32 16 28 12 -9999 -9999 -9999 6 17 31 42 48 51 52 53 53 53 52 52 52 52 52 53 53 53 52 53 53 52 50 49 49 49 51 52 51 51 51 51 51 51 52 51 48 36 -9999 -9999 -9999 -9999 -9999 -9999 -9999 -9999 10 19 32 36 38 42 44 48 51 54 55 54 54 53
51 54 51 50 53 54 54 50 45 41 22 -9999 25 27 31 34 22 23 34 32 11 -9999 -9999 -9999 -9999 15 23 37 38 38 41 46 50 52 52 51 51 51 51 51 51 52 52 53 52 52 53 52 50 49 49 49 51 51 50 50 50 51 51 51 52 52 38 25 -9999 -9999 -9999 -9999 -9999 -9999 -9999 -9999 10 24 35 32 34 38 41 46 52 55 54 53 53 53
51 50 47 48 52 52 52 51 43 30 17 11 -9999 19 18 23 23 15 26 37 22 7 -9999 -9999 -9999 23 29 33 30 38 42 45 48 50 51 51 51 51 51 51 51 50 50 51 51 51 51 51 51 50 49 48 49 49 50 50 49 50 50 51 51 52 51 37 -9999 -9999 -9999 -9999 -9999 -9999 -9999 -9999 10 18 23 27 32 35 39 46 53 55 53 52 52 51
48 48 43 48 47 47 46 47 46 39 24 10 8 -9999 -9999 -9999 -9999 -9999 22 34 31 13 -9999 -9999 -9999 24 23 21 27 32 38 45 48 50 51 50 49 50 50 50 51 49 48 48 48 50 51 51 50 50 49 48 48 49 50 49 48 50 50 50 51 51 52 51 34 -9999 -9999 -9999 -9999 -9999 -9999 -9999 22 26 22 31 32 34 40 46 51 52 53 53 53 51
